-0.03720799, -0.09494211, -0.09208198, -0.10009747, -0.09762108, -0.09284590, -0.09280599, -0.09636300, -0.09684608, -0.09368152, -0.09930241, -0.10371082, -0.06141289, -0.05412819, -0.08929079, -0.09927282, -0.09970044, -0.10013994, -0.10739460, -0.10413076, -0.09745692, -0.10475382, -0.10310841, -0.09438403, -0.10006161, -0.10009747, -0.10738213, -0.10288114, -0.10330339, -0.08277373, -0.09900820, -0.10354488, -0.09872808, -0.10433759, -0.10362530, -0.10202730, -0.09731566, -0.10217120, -0.09653550
-0.09494211, -0.06333726, -0.08390548, -0.09683933, -0.09444354, -0.08982365, -0.08978503, -0.08943022, -0.08943517, -0.09063206, -0.09606998, -0.09624938, -0.09713255, -0.09731566, -0.09449596, -0.09604132, -0.09645513, -0.09582871, -0.09697050, -0.09593620, -0.09282833, -0.09211855, -0.09569033, -0.08600311, -0.09680462, -0.09683933, -0.09571119, -0.09563265, -0.09571801, -0.09419053, -0.09578526, -0.09558370, -0.09008132, -0.09601449, -0.09569563, -0.09434138, -0.08347319, -0.09536883, -0.09439010
-0.09208198, -0.08390548, -0.05535892, -0.09707235, -0.09467080, -0.09003985, -0.09000114, -0.09046728, -0.09057273, -0.09085021, -0.09630122, -0.09736553, -0.09420606, -0.09438403, -0.09295122, -0.09627251, -0.09668727, -0.09628587, -0.09870580, -0.09720793, -0.09336959, -0.09435131, -0.09679999, -0.08052290, -0.09703757, -0.09707235, -0.09771898, -0.09670698, -0.09686266, -0.09134689, -0.09601585, -0.09680828, -0.09148353, -0.09731258, -0.09691282, -0.09551567, -0.08600311, -0.09635087, -0.09440071
-0.10009747, -0.09683933, -0.09707235, -0.03987731, -0.07033508, -0.08041438, -0.08037981, -0.09024908, -0.09140877, -0.08113811, -0.08600640, -0.09713069, -0.10240677, -0.10259991, -0.09560796, -0.08314756, -0.07918580, -0.08864637, -0.10394918, -0.09856199, -0.09293806, -0.10423706, -0.09656652, -0.09949916, -0.07209346, -0.06707731, -0.10537710, -0.09610901, -0.09699375, -0.09930382, -0.08575125, -0.09781456, -0.09620291, -0.09889594, -0.09780739, -0.09641007, -0.09926031, -0.09481295, -0.09079337
-0.09762108, -0.09444354, -0.09467080, -0.07033508, -0.05107149, -0.07842492, -0.07839120, -0.08801633, -0.08914733, -0.07913074, -0.08387859, -0.09472768, -0.09987325, -0.10006161, -0.09324263, -0.08180060, -0.07560189, -0.08645325, -0.10137750, -0.09612357, -0.09063877, -0.10165826, -0.09417747, -0.09703757, -0.06700577, -0.07033508, -0.10277010, -0.09373128, -0.09459414, -0.09684706, -0.08362975, -0.09539464, -0.09382286, -0.09644927, -0.09538764, -0.09402489, -0.09680462, -0.09246728, -0.08854713
-0.09284590, -0.08982365, -0.09003985, -0.08041438, -0.07842492, -0.02593630, -0.05746650, -0.08371078, -0.08478649, -0.04433173, -0.06148915, -0.09009383, -0.09498790, -0.09516705, -0.08868138, -0.07975121, -0.08009512, -0.08222393, -0.09641856, -0.09142150, -0.08620482, -0.09668560, -0.08957054, -0.09229085, -0.08038554, -0.08041438, -0.09774306, -0.08914616, -0.08996683, -0.09210963, -0.07953845, -0.09072820, -0.08923325, -0.09173127, -0.09072155, -0.08942541, -0.09206924, -0.08794396, -0.08421544
-0.09280599, -0.08978503, -0.09000114, -0.08037981, -0.07839120, -0.05746650, -0.04324179, -0.08367479, -0.08475004, -0.05798370, -0.06146272, -0.09005510, -0.09494706, -0.09512614, -0.08864326, -0.07971693, -0.08006069, -0.08218858, -0.09637710, -0.09138219, -0.08616776, -0.09664403, -0.08953203, -0.09225117, -0.08035098, -0.08037981, -0.09770104, -0.08910783, -0.08992816, -0.09207003, -0.07950426, -0.09068920, -0.08919489, -0.09169183, -0.09068254, -0.08938697, -0.09202966, -0.08790615, -0.08417924
-0.09636300, -0.08943022, -0.09046728, -0.09024908, -0.08801633, -0.08371078, -0.08367479, -0.04867084, -0.07387681, -0.08446418, -0.08953203, -0.07592847, -0.09858623, -0.09877208, -0.09343608, -0.08950530, -0.08989099, -0.08670104, -0.08824837, -0.08030889, -0.08986641, -0.09264600, -0.07347780, -0.09272896, -0.09021673, -0.09024908, -0.09156320, -0.07553107, -0.07542016, -0.09560035, -0.08926664, -0.07981191, -0.08874091, -0.08090390, -0.07904819, -0.08215771, -0.09166597, -0.08027302, -0.09043276
-0.09684608, -0.08943517, -0.09057273, -0.09140877, -0.08914733, -0.08478649, -0.08475004, -0.07387681, -0.04584061, -0.08554957, -0.09068254, -0.07951000, -0.09908046, -0.09926723, -0.09406728, -0.09065548, -0.09104611, -0.08819098, -0.08612969, -0.07732326, -0.09044024, -0.09165994, -0.07904819, -0.09283705, -0.09137601, -0.09140877, -0.08999175, -0.08005193, -0.07801964, -0.09607978, -0.09041377, -0.07706570, -0.08893606, -0.07805111, -0.07579945, -0.08201332, -0.09167105, -0.08254562, -0.09123924
-0.09368152, -0.09063206, -0.09085021, -0.08113811, -0.07913074, -0.04433173, -0.05798370, -0.08446418, -0.08554957, -0.04473071, -0.06204256, -0.09090468, -0.09584279, -0.09602355, -0.08947952, -0.08046898, -0.08081598, -0.08296395, -0.09728632, -0.09224429, -0.08698067, -0.09755577, -0.09037667, -0.09312147, -0.08110901, -0.08113811, -0.09862275, -0.08994847, -0.09077653, -0.09293862, -0.08025430, -0.09154475, -0.09003635, -0.09255685, -0.09153804, -0.09023024, -0.09289786, -0.08873545, -0.08497338
-0.09930241, -0.09606998, -0.09630122, -0.08600640, -0.08387859, -0.06148915, -0.06146272, -0.08953203, -0.09068254, -0.06204256, -0.06576511, -0.09635896, -0.10159336, -0.10178497, -0.09484829, -0.08529711, -0.08566493, -0.08794178, -0.10312350, -0.09777895, -0.09219951, -0.10340911, -0.09579927, -0.09870875, -0.08597555, -0.08600640, -0.10454011, -0.09534538, -0.09622313, -0.09851494, -0.08506956, -0.09703744, -0.09543853, -0.09811026, -0.09703032, -0.09564405, -0.09847173, -0.09405958, -0.09007178
-0.10371082, -0.09624938, -0.09736553, -0.09713069, -0.09472768, -0.09009383, -0.09005510, -0.07592847, -0.07951000, -0.09090468, -0.09635896, -0.05970631, -0.10610357, -0.10630359, -0.10056071, -0.09633019, -0.09674530, -0.09331210, -0.09497741, -0.08643253, -0.09671884, -0.09971037, -0.08124346, -0.09979967, -0.09709588, -0.09713069, -0.09854501, -0.08129039, -0.08117102, -0.10289002, -0.09607334, -0.08589766, -0.09550751, -0.08707291, -0.08507570, -0.08842233, -0.09865562, -0.08639393, -0.09732837
-0.06141289, -0.09713255, -0.09420606, -0.10240677, -0.09987325, -0.09498790, -0.09494706, -0.09858623, -0.09908046, -0.09584279, -0.10159336, -0.10610357, -0.05708627, -0.06294821, -0.09135055, -0.10156309, -0.10200058, -0.10245024, -0.10987243, -0.10653323, -0.09970528, -0.10717072, -0.10548727, -0.09656122, -0.10237008, -0.10240677, -0.10985968, -0.10525475, -0.10568675, -0.08468296, -0.10129236, -0.10593382, -0.10100584, -0.10674482, -0.10601610, -0.10438120, -0.09956086, -0.10452841, -0.09876257
-0.05412819, -0.09731566, -0.09438403, -0.10259991, -0.10006161, -0.09516705, -0.09512614, -0.09877208, -0.09926723, -0.09602355, -0.10178497, -0.10630359, -0.06294821, -0.05548140, -0.09152306, -0.10175464, -0.10219295, -0.10264344, -0.11007947, -0.10673403, -0.09989334, -0.10737266, -0.10568612, -0.09674364, -0.10256315, -0.10259991, -0.11006668, -0.10545317, -0.10588597, -0.08484307, -0.10148340, -0.10613351, -0.10119629, -0.10694602, -0.10621594, -0.10457798, -0.09974856, -0.10472548, -0.09894889
-0.08929079, -0.09449596, -0.09295122, -0.09560796, -0.09324263, -0.08868138, -0.08864326, -0.09343608, -0.09406728, -0.08947952, -0.09484829, -0.10056071, -0.09135055, -0.09152306, -0.08231066, -0.09481996, -0.09522859, -0.09603532, -0.10512398, -0.10122613, -0.09361777, -0.10343814, -0.09997661, -0.09527500, -0.09557369, -0.09560796, -0.10556719, -0.09969991, -0.10022198, -0.08857906, -0.09456712, -0.10058750, -0.09628908, -0.10146862, -0.10065199, -0.09905344, -0.09685836, -0.09886615, -0.09183833
-0.09927282, -0.09604132, -0.09627251, -0.08314756, -0.08180060, -0.07975121, -0.07971693, -0.08950530, -0.09065548, -0.08046898, -0.08529711, -0.09633019, -0.10156309, -0.10175464, -0.09481996, -0.07980802, -0.08460448, -0.08791546, -0.10309277, -0.09774977, -0.09217194, -0.10337830, -0.09577067, -0.09867932, -0.08384561, -0.08314756, -0.10450897, -0.09531691, -0.09619440, -0.09848555, -0.08504406, -0.09700848, -0.09541003, -0.09808099, -0.09700136, -0.09561550, -0.09844235, -0.09403148, -0.09004483
-0.09970044, -0.09645513, -0.09668727, -0.07918580, -0.07560189, -0.08009512, -0.08006069, -0.08989099, -0.09104611, -0.08081598, -0.08566493, -0.09674530, -0.10200058, -0.10219295, -0.09522859, -0.08460448, -0.07478219, -0.08829449, -0.10353686, -0.09817095, -0.09256923, -0.10382361, -0.09618336, -0.09910445, -0.07749193, -0.07918580, -0.10495914, -0.09572766, -0.09660891, -0.09890987, -0.08541079, -0.09742648, -0.09582119, -0.09850359, -0.09741933, -0.09602753, -0.09886651, -0.09443672, -0.09043300
-0.10013994, -0.09582871, -0.09628587, -0.08864637, -0.08645325, -0.08222393, -0.08218858, -0.08670104, -0.08819098, -0.08296395, -0.08794178, -0.09331210, -0.10245024, -0.10264344, -0.09603532, -0.08791546, -0.08829449, -0.08215528, -0.10115834, -0.09519460, -0.09305857, -0.10235331, -0.09277011, -0.09869302, -0.08861458, -0.08864637, -0.10301109, -0.09220059, -0.09331053, -0.09934624, -0.08768095, -0.09442761, -0.09509459, -0.09556786, -0.09436435, -0.09323897, -0.09822443, -0.09062018, -0.09167127
-0.10739460, -0.09697050, -0.09870580, -0.10394918, -0.10137750, -0.09641856, -0.09637710, -0.08824837, -0.08612969, -0.09728632, -0.10312350, -0.09497741, -0.10987243, -0.11007947, -0.10512398, -0.10309277, -0.10353686, -0.10115834, -0.06972039, -0.09013663, -0.10175996, -0.08833418, -0.09442575, -0.10117345, -0.10391194, -0.10394918, -0.08000314, -0.09510322, -0.09371867, -0.10654600, -0.10281796, -0.09220024, -0.09961874, -0.08908600, -0.09215877, -0.09577204, -0.09939476, -0.09673697, -0.10293565
-0.10413076, -0.09593620, -0.09720793, -0.09856199, -0.09612357, -0.09142150, -0.09138219, -0.08030889, -0.07732326, -0.09224429, -0.09777895, -0.08643253, -0.10653323, -0.10673403, -0.10122613, -0.09774977, -0.09817095, -0.09519460, -0.09013663, -0.07832967, -0.09738243, -0.09727046, -0.08593051, -0.09963813, -0.09852666, -0.09856199, -0.09485988, -0.08691274, -0.08492132, -0.10330697, -0.09748915, -0.08325638, -0.09569821, -0.08069230, -0.08273589, -0.08857645, -0.09833460, -0.08934268, -0.09828258
-0.09745692, -0.09282833, -0.09336959, -0.09293806, -0.09063877, -0.08620482, -0.08616776, -0.08986641, -0.09044024, -0.08698067, -0.09219951, -0.09671884, -0.09970528, -0.09989334, -0.09361777, -0.09217194, -0.09256923, -0.09305857, -0.10175996, -0.09738243, -0.08522468, -0.10090823, -0.09615706, -0.09570383, -0.09290474, -0.09293806, -0.10258417, -0.09590239, -0.09638158, -0.09668394, -0.09192613, -0.09668460, -0.09130786, -0.09764532, -0.09677106, -0.09495951, -0.09514904, -0.09512997, -0.08955320
-0.10475382, -0.09211855, -0.09435131, -0.10423706, -0.10165826, -0.09668560, -0.09664403, -0.09264600, -0.09165994, -0.09755577, -0.10340911, -0.09971037, -0.10717072, -0.10737266, -0.10343814, -0.10337830, -0.10382361, -0.10235331, -0.08833418, -0.09727046, -0.10090823, -0.07116535, -0.09913122, -0.09671009, -0.10419971, -0.10423706, -0.08073461, -0.09941423, -0.09881712, -0.10392621, -0.10310274, -0.09803102, -0.09832870, -0.09682531, -0.09807613, -0.09898357, -0.09442151, -0.10002497, -0.10235535
-0.10310841, -0.09569033, -0.09679999, -0.09656652, -0.09417747, -0.08957054, -0.08953203, -0.07347780, -0.07904819, -0.09037667, -0.09579927, -0.08124346, -0.10548727, -0.10568612, -0.09997661, -0.09577067, -0.09618336, -0.09277011, -0.09442575, -0.08593051, -0.09615706, -0.09913122, -0.07862125, -0.09921999, -0.09653190, -0.09656652, -0.09797262, -0.08081824, -0.08069957, -0.10229238, -0.09551531, -0.08539874, -0.09495277, -0.08656717, -0.08458156, -0.08790875, -0.09808259, -0.08589214, -0.09676305
-0.09438403, -0.08600311, -0.08052290, -0.09949916, -0.09703757, -0.09229085, -0.09225117, -0.09272896, -0.09283705, -0.09312147, -0.09870875, -0.09979967, -0.09656122, -0.09674364, -0.09527500, -0.09867932, -0.09910445, -0.09869302, -0.10117345, -0.09963813, -0.09570383, -0.09671009, -0.09921999, -0.08253597, -0.09946350, -0.09949916, -0.10016196, -0.09912466, -0.09928423, -0.09363056, -0.09841625, -0.09922848, -0.09377062, -0.09974539, -0.09933564, -0.09790356, -0.08815319, -0.09875965, -0.09676073
-0.10006161, -0.09680462, -0.09703757, -0.07209346, -0.06700577, -0.08038554, -0.08035098, -0.09021673, -0.09137601, -0.08110901, -0.08597555, -0.09709588, -0.10237008, -0.10256315, -0.09557369, -0.08384561, -0.07749193, -0.08861458, -0.10391194, -0.09852666, -0.09290474, -0.10419971, -0.09653190, -0.09946350, -0.06868092, -0.07209346, -0.10533935, -0.09607456, -0.09695899, -0.09926823, -0.08572049, -0.09777951, -0.09616843, -0.09886050, -0.09777233, -0.09637551, -0.09922474, -0.09477896, -0.09076081
-0.10009747, -0.09683933, -0.09707235, -0.06707731, -0.07033508, -0.08041438, -0.08037981, -0.09024908, -0.09140877, -0.08113811, -0.08600640, -0.09713069, -0.10240677, -0.10259991, -0.09560796, -0.08314756, -0.07918580, -0.08864637, -0.10394918, -0.09856199, -0.09293806, -0.10423706, -0.09656652, -0.09949916, -0.07209346, -0.06707731, -0.10537710, -0.09610901, -0.09699375, -0.09930382, -0.08575125, -0.09781456, -0.09620291, -0.09889594, -0.09780739, -0.09641007, -0.09926031, -0.09481295, -0.09079337
-0.10738213, -0.09571119, -0.09771898, -0.10537710, -0.10277010, -0.09774306, -0.09770104, -0.09156320, -0.08999175, -0.09862275, -0.10454011, -0.09854501, -0.10985968, -0.11006668, -0.10556719, -0.10450897, -0.10495914, -0.10301109, -0.08000314, -0.09485988, -0.10258417, -0.08073461, -0.09797262, -0.10016196, -0.10533935, -0.10537710, -0.06870733, -0.09845877, -0.09745576, -0.10653385, -0.10423039, -0.09628933, -0.10019486, -0.09410280, -0.09629117, -0.09857931, -0.09810397, -0.09959480, -0.10391165
-0.10288114, -0.09563265, -0.09670698, -0.09610901, -0.09373128, -0.08914616, -0.08910783, -0.07553107, -0.08005193, -0.08994847, -0.09534538, -0.08129039, -0.10525475, -0.10545317, -0.09969991, -0.09531691, -0.09572766, -0.09220059, -0.09510322, -0.08691274, -0.09590239, -0.09941423, -0.08081824, -0.09912466, -0.09607456, -0.09610901, -0.09845877, -0.07920751, -0.08240360, -0.10206683, -0.09506275, -0.08629849, -0.09482975, -0.08750310, -0.08565557, -0.08790725, -0.09802347, -0.08505595, -0.09642758
-0.10330339, -0.09571801, -0.09686266, -0.09699375, -0.09459414, -0.08996683, -0.08992816, -0.07542016, -0.07801964, -0.09077653, -0.09622313, -0.08117102, -0.10568675, -0.10588597, -0.10022198, -0.09619440, -0.09660891, -0.09331053, -0.09371867, -0.08492132, -0.09638158, -0.09881712, -0.08069957, -0.09928423, -0.09695899, -0.09699375, -0.09745576, -0.08240360, -0.07897020, -0.10248588, -0.09593791, -0.08447220, -0.09504602, -0.08560409, -0.08348102, -0.08788267, -0.09811096, -0.08670138, -0.09706819
-0.08277373, -0.09419053, -0.09134689, -0.09930382, -0.09684706, -0.09210963, -0.09207003, -0.09560035, -0.09607978, -0.09293862, -0.09851494, -0.10289002, -0.08468296, -0.08484307, -0.08857906, -0.09848555, -0.09890987, -0.09934624, -0.10654600, -0.10330697, -0.09668394, -0.10392621, -0.10229238, -0.09363056, -0.09926823, -0.09930382, -0.10653385, -0.10206683, -0.10248588, -0.08211082, -0.09822299, -0.10272557, -0.09794604, -0.10351223, -0.10280537, -0.10121963, -0.09654529, -0.10136227, -0.09576916
-0.09900820, -0.09578526, -0.09601585, -0.08575125, -0.08362975, -0.07953845, -0.07950426, -0.08926664, -0.09041377, -0.08025430, -0.08506956, -0.09607334, -0.10129236, -0.10148340, -0.09456712, -0.08504406, -0.08541079, -0.08768095, -0.10281796, -0.09748915, -0.09192613, -0.10310274, -0.09551531, -0.09841625, -0.08572049, -0.08575125, -0.10423039, -0.09506275, -0.09593791, -0.09822299, -0.08481717, -0.09674983, -0.09515562, -0.09781949, -0.09674273, -0.09536054, -0.09817989, -0.09378074, -0.08980467
-0.10354488, -0.09558370, -0.09680828, -0.09781456, -0.09539464, -0.09072820, -0.09068920, -0.07981191, -0.07706570, -0.09154475, -0.09703744, -0.08589766, -0.10593382, -0.10613351, -0.10058750, -0.09700848, -0.09742648, -0.09442761, -0.09220024, -0.08325638, -0.09668460, -0.09803102, -0.08539874, -0.09922848, -0.09777951, -0.09781456, -0.09628933, -0.08629849, -0.08447220, -0.10272557, -0.09674983, -0.08156577, -0.09500999, -0.08361780, -0.08246030, -0.08744746, -0.09797329, -0.08851633, -0.09757982
-0.09872808, -0.09008132, -0.09148353, -0.09620291, -0.09382286, -0.08923325, -0.08919489, -0.08874091, -0.08893606, -0.09003635, -0.09543853, -0.09550751, -0.10100584, -0.10119629, -0.09628908, -0.09541003, -0.09582119, -0.09509459, -0.09961874, -0.09569821, -0.09130786, -0.09832870, -0.09495277, -0.09377062, -0.09616843, -0.09620291, -0.10019486, -0.09482975, -0.09504602, -0.09794604, -0.09515562, -0.09500999, -0.08694567, -0.09592450, -0.09516159, -0.09302054, -0.09233336, -0.09439827, -0.09386770
-0.10433759, -0.09601449, -0.09731258, -0.09889594, -0.09644927, -0.09173127, -0.09169183, -0.08090390, -0.07805111, -0.09255685, -0.09811026, -0.08707291, -0.10674482, -0.10694602, -0.10146862, -0.09808099, -0.09850359, -0.09556786, -0.08908600, -0.08069230, -0.09764532, -0.09682531, -0.08656717, -0.09974539, -0.09886050, -0.09889594, -0.09410280, -0.08750310, -0.08560409, -0.10351223, -0.09781949, -0.08361780, -0.09592450, -0.07924558, -0.08351469, -0.08894862, -0.09841485, -0.08981285, -0.09856766
-0.10362530, -0.09569563, -0.09691282, -0.09780739, -0.09538764, -0.09072155, -0.09068254, -0.07904819, -0.07579945, -0.09153804, -0.09703032, -0.08507570, -0.10601610, -0.10621594, -0.10065199, -0.09700136, -0.09741933, -0.09436435, -0.09215877, -0.08273589, -0.09677106, -0.09807613, -0.08458156, -0.09933564, -0.09777233, -0.09780739, -0.09629117, -0.08565557, -0.08348102, -0.10280537, -0.09674273, -0.08246030, -0.09516159, -0.08351469, -0.08110542, -0.08775425, -0.09808802, -0.08832382, -0.09762599
-0.10202730, -0.09434138, -0.09551567, -0.09641007, -0.09402489, -0.08942541, -0.08938697, -0.08215771, -0.08201332, -0.09023024, -0.09564405, -0.08842233, -0.10438120, -0.10457798, -0.09905344, -0.09561550, -0.09602753, -0.09323897, -0.09577204, -0.08857645, -0.09495951, -0.09898357, -0.08790875, -0.09790356, -0.09637551, -0.09641007, -0.09857931, -0.08790725, -0.08788267, -0.10121963, -0.09536054, -0.08744746, -0.09302054, -0.08894862, -0.08775425, -0.08403942, -0.09669992, -0.08779762, -0.09602016
-0.09731566, -0.08347319, -0.08600311, -0.09926031, -0.09680462, -0.09206924, -0.09202966, -0.09166597, -0.09167105, -0.09289786, -0.09847173, -0.09865562, -0.09956086, -0.09974856, -0.09685836, -0.09844235, -0.09886651, -0.09822443, -0.09939476, -0.09833460, -0.09514904, -0.09442151, -0.09808259, -0.08815319, -0.09922474, -0.09926031, -0.09810397, -0.09802347, -0.09811096, -0.09654529, -0.09817989, -0.09797329, -0.09233336, -0.09841485, -0.09808802, -0.09669992, -0.08556002, -0.09775305, -0.09674985
-0.10217120, -0.09536883, -0.09635087, -0.09481295, -0.09246728, -0.08794396, -0.08790615, -0.08027302, -0.08254562, -0.08873545, -0.09405958, -0.08639393, -0.10452841, -0.10472548, -0.09886615, -0.09403148, -0.09443672, -0.09062018, -0.09673697, -0.08934268, -0.09512997, -0.10002497, -0.08589214, -0.09875965, -0.09477896, -0.09481295, -0.09959480, -0.08505595, -0.08670138, -0.10136227, -0.09378074, -0.08851633, -0.09439827, -0.08981285, -0.08832382, -0.08779762, -0.09775305, -0.08279594, -0.09544605
-0.09653550, -0.09439010, -0.09440071, -0.09079337, -0.08854713, -0.08421544, -0.08417924, -0.09043276, -0.09123924, -0.08497338, -0.09007178, -0.09732837, -0.09876257, -0.09894889, -0.09183833, -0.09004483, -0.09043300, -0.09167127, -0.10293565, -0.09828258, -0.08955320, -0.10235535, -0.09676305, -0.09676073, -0.09076081, -0.09079337, -0.10391165, -0.09642758, -0.09706819, -0.09576916, -0.08980467, -0.09757982, -0.09386770, -0.09856766, -0.09762599, -0.09602016, -0.09674985, -0.09544605, -0.08676615
