0.00518656, -0.00092939, 0.00115329, -0.00055949, -0.00054329, -0.00048111, -0.00048090, -0.00100471, -0.00106813, -0.00048544, -0.00051457, -0.00107981, 0.00381035, 0.00449622, 0.00075379, -0.00050366, -0.00053396, -0.00065758, -0.00157062, -0.00119508, -0.00045745, -0.00157530, -0.00107504, 0.00118212, -0.00055687, -0.00055949, -0.00164536, -0.00104679, -0.00109994, 0.00174600, -0.00048889, -0.00113573, -0.00080264, -0.00122218, -0.00114290, -0.00099964, -0.00095262, -0.00096116, -0.00023006
-0.00092939, 0.00138215, -0.00038546, -0.00014850, -0.00014254, -0.00010113, -0.00010109, 0.00015735, 0.00018594, -0.00010204, -0.00010816, 0.00017076, -0.00093365, -0.00095262, -0.00037970, -0.00009773, -0.00012536, -0.00002480, 0.00025436, 0.00019788, 0.00020656, 0.00058934, 0.00016837, -0.00039510, -0.00014611, -0.00014850, 0.00037982, 0.00016339, 0.00017609, -0.00063752, -0.00008448, 0.00020999, 0.00060615, 0.00019832, 0.00019896, 0.00027729, 0.00141671, 0.00016055, -0.00003339
0.00115329, -0.00038546, 0.00411014, -0.00031775, -0.00030760, -0.00025804, -0.00025792, -0.00060537, -0.00064985, -0.00026036, -0.00027598, -0.00065011, 0.00119656, 0.00118212, 0.00071717, -0.00026547, -0.00029389, -0.00036263, -0.00101783, -0.00073617, -0.00018252, -0.00101587, -0.00064775, 0.00359789, -0.00031529, -0.00031775, -0.00107762, -0.00062686, -0.00066560, 0.00142004, -0.00025174, -0.00068898, -0.00039919, -0.00075576, -0.00069534, -0.00057992, -0.00039510, -0.00056177, -0.00004042
-0.00055949, -0.00014850, -0.00031775, 0.00260052, 0.00173814, 0.00087705, 0.00087667, 0.00002103, -0.00006788, 0.00088494, 0.00093804, 0.00002405, -0.00055428, -0.00057347, 0.00013469, 0.00109002, 0.00136290, 0.00067930, -0.00052968, -0.00012641, 0.00035860, -0.00057648, 0.00002250, -0.00032570, 0.00178159, 0.00210052, -0.00061191, 0.00005898, -0.00001118, -0.00025511, 0.00095618, -0.00006933, 0.00009019, -0.00015769, -0.00007264, 0.00005021, -0.00015221, 0.00016454, 0.00054017
-0.00054329, -0.00014254, -0.00030760, 0.00173814, 0.00189168, 0.00085725, 0.00085688, 0.00002263, -0.00006405, 0.00086496, 0.00091686, 0.00002574, -0.00053815, -0.00055687, 0.00013361, 0.00102721, 0.00143120, 0.00066459, -0.00051412, -0.00012097, 0.00035192, -0.00055977, 0.00002422, -0.00031529, 0.00193898, 0.00173814, -0.00059429, 0.00005979, -0.00000861, -0.00024646, 0.00093454, -0.00006531, 0.00009023, -0.00015146, -0.00006853, 0.00005124, -0.00014611, 0.00016270, 0.00052895
-0.00048111, -0.00010113, -0.00025804, 0.00087705, 0.00085725, 0.00383851, 0.00224998, 0.00005362, -0.00002841, 0.00296496, 0.00240747, 0.00005902, -0.00047541, -0.00049314, 0.00016108, 0.00091097, 0.00089230, 0.00066360, -0.00045201, -0.00008000, 0.00036776, -0.00049531, 0.00005738, -0.00026449, 0.00087868, 0.00087705, -0.00052774, 0.00009104, 0.00002630, -0.00019909, 0.00091932, -0.00002733, 0.00012003, -0.00010888, -0.00003040, 0.00008302, -0.00010366, 0.00018846, 0.00053536
-0.00048090, -0.00010109, -0.00025792, 0.00087667, 0.00085688, 0.00224998, 0.00294901, 0.00005360, -0.00002840, 0.00227023, 0.00240644, 0.00005900, -0.00047520, -0.00049293, 0.00016101, 0.00091058, 0.00089191, 0.00066332, -0.00045181, -0.00007996, 0.00036760, -0.00049510, 0.00005735, -0.00026437, 0.00087830, 0.00087667, -0.00052751, 0.00009100, 0.00002629, -0.00019900, 0.00091893, -0.00002732, 0.00011997, -0.00010883, -0.00003039, 0.00008298, -0.00010361, 0.00018838, 0.00053513
-0.00100471, 0.00015735, -0.00060537, 0.00002103, 0.00002263, 0.00005362, 0.00005360, 0.00136243, 0.00089403, 0.00005410, 0.00005735, 0.00127936, -0.00101045, -0.00102983, -0.00038135, 0.00006703, 0.00004196, 0.00032350, 0.00033651, 0.00087217, 0.00010419, 0.00011930, 0.00145780, -0.00062050, 0.00002320, 0.00002103, 0.00018553, 0.00126968, 0.00127379, -0.00070798, 0.00007895, 0.00089576, 0.00030776, 0.00081893, 0.00095661, 0.00073561, 0.00016129, 0.00085228, -0.00001246
-0.00106813, 0.00018594, -0.00064985, -0.00006788, -0.00006405, -0.00002841, -0.00002840, 0.00089403, 0.00112425, -0.00002867, -0.00003039, 0.00096336, -0.00107524, -0.00109483, -0.00044548, -0.00002055, -0.00004633, 0.00020773, 0.00050978, 0.00109973, 0.00006521, 0.00024316, 0.00095661, -0.00066610, -0.00006565, -0.00006788, 0.00033670, 0.00087872, 0.00103651, -0.00076945, -0.00000824, 0.00109886, 0.00030720, 0.00103403, 0.00120295, 0.00074812, 0.00019059, 0.00068204, -0.00007562
-0.00048544, -0.00010204, -0.00026036, 0.00088494, 0.00086496, 0.00296496, 0.00227023, 0.00005410, -0.00002867, 0.00299164, 0.00242914, 0.00005956, -0.00047969, -0.00049758, 0.00016253, 0.00091917, 0.00090033, 0.00066957, -0.00045607, -0.00008072, 0.00037106, -0.00049977, 0.00005789, -0.00026687, 0.00088659, 0.00088494, -0.00053249, 0.00009186, 0.00002654, -0.00020088, 0.00092760, -0.00002758, 0.00012111, -0.00010986, -0.00003067, 0.00008376, -0.00010459, 0.00019016, 0.00054018
-0.00051457, -0.00010816, -0.00027598, 0.00093804, 0.00091686, 0.00240747, 0.00240644, 0.00005735, -0.00003039, 0.00242914, 0.00257489, 0.00006313, -0.00050847, -0.00052743, 0.00017228, 0.00097432, 0.00095435, 0.00070975, -0.00048344, -0.00008556, 0.00039333, -0.00052976, 0.00006137, -0.00028288, 0.00093978, 0.00093804, -0.00056444, 0.00009737, 0.00002813, -0.00021293, 0.00098325, -0.00002923, 0.00012837, -0.00011645, -0.00003251, 0.00008879, -0.00011087, 0.00020157, 0.00057259
-0.00107981, 0.00017076, -0.00065011, 0.00002405, 0.00002574, 0.00005902, 0.00005900, 0.00127936, 0.00096336, 0.00005956, 0.00006313, 0.00218774, -0.00108595, -0.00110680, -0.00040896, 0.00007355, 0.00004657, 0.00034953, 0.00036355, 0.00093994, 0.00011354, 0.00012985, 0.00136892, -0.00066636, 0.00002638, 0.00002405, 0.00020111, 0.00136768, 0.00137210, -0.00076047, 0.00008638, 0.00096532, 0.00033262, 0.00088264, 0.00103080, 0.00079299, 0.00017503, 0.00091853, -0.00001199
0.00381035, -0.00093365, 0.00119656, -0.00055428, -0.00053815, -0.00047541, -0.00047520, -0.00101045, -0.00107524, -0.00047969, -0.00050847, -0.00108595, 0.00444061, 0.00390561, 0.00078734, -0.00049731, -0.00052823, -0.00065462, -0.00158742, -0.00120381, -0.00045036, -0.00159268, -0.00108118, 0.00122647, -0.00055161, -0.00055428, -0.00166389, -0.00105232, -0.00110662, 0.00180126, -0.00048225, -0.00114319, -0.00080329, -0.00123149, -0.00115051, -0.00100424, -0.00095699, -0.00096484, -0.00021790
0.00449622, -0.00095262, 0.00118212, -0.00057347, -0.00055687, -0.00049314, -0.00049293, -0.00102983, -0.00109483, -0.00049758, -0.00052743, -0.00110680, 0.00390561, 0.00460863, 0.00077263, -0.00051625, -0.00054731, -0.00067402, -0.00160989, -0.00122496, -0.00046888, -0.00161468, -0.00110191, 0.00121168, -0.00057079, -0.00057347, -0.00168650, -0.00107296, -0.00112743, 0.00178965, -0.00050111, -0.00116412, -0.00082271, -0.00125274, -0.00117147, -0.00102463, -0.00097644, -0.00098519, -0.00023582
0.00075379, -0.00037970, 0.00071717, 0.00013469, 0.00013361, 0.00016108, 0.00016101, -0.00038135, -0.00044548, 0.00016253, 0.00017228, -0.00040896, 0.00078734, 0.00077263, 0.00140548, 0.00018250, 0.00015642, 0.00001937, -0.00089579, -0.00052682, 0.00019684, -0.00092053, -0.00040805, 0.00073510, 0.00013695, 0.00013469, -0.00097147, -0.00038002, -0.00043303, 0.00101535, 0.00019483, -0.00047012, -0.00017258, -0.00055405, -0.00047667, -0.00034151, -0.00038920, -0.00029594, 0.00044004
-0.00050366, -0.00009773, -0.00026547, 0.00109002, 0.00102721, 0.00091097, 0.00091058, 0.00006703, -0.00002055, 0.00091917, 0.00097432, 0.00007355, -0.00049731, -0.00051625, 0.00018250, 0.00126577, 0.00101574, 0.00071906, -0.00047212, -0.00007494, 0.00040320, -0.00051840, 0.00007172, -0.00027210, 0.00105289, 0.00109002, -0.00055295, 0.00010767, 0.00003854, -0.00020220, 0.00099217, -0.00001872, 0.00013867, -0.00010579, -0.00002199, 0.00009912, -0.00010017, 0.00021169, 0.00058218
-0.00053396, -0.00012536, -0.00029389, 0.00136290, 0.00143120, 0.00089230, 0.00089191, 0.00004196, -0.00004633, 0.00090033, 0.00095435, 0.00004657, -0.00052823, -0.00054731, 0.00015642, 0.00101574, 0.00161468, 0.00069725, -0.00050337, -0.00010296, 0.00037882, -0.00054992, 0.00004490, -0.00030123, 0.00146698, 0.00136290, -0.00058494, 0.00008113, 0.00001145, -0.00023097, 0.00097235, -0.00004628, 0.00011224, -0.00013403, -0.00004957, 0.00007246, -0.00012849, 0.00018596, 0.00055917
-0.00065758, -0.00002480, -0.00036263, 0.00067930, 0.00066459, 0.00066360, 0.00066332, 0.00032350, 0.00020773, 0.00066957, 0.00070975, 0.00034953, -0.00065462, -0.00067402, 0.00001937, 0.00071906, 0.00069725, 0.00124952, -0.00026924, 0.00016470, 0.00032341, -0.00035987, 0.00034615, -0.00037170, 0.00068120, 0.00067930, -0.00036927, 0.00039174, 0.00030316, -0.00035230, 0.00072903, 0.00022116, 0.00020058, 0.00013046, 0.00022227, 0.00032400, -0.00002542, 0.00052031, 0.00041328
-0.00157062, 0.00025436, -0.00101783, -0.00052968, -0.00051412, -0.00045201, -0.00045181, 0.00033651, 0.00050978, -0.00045607, -0.00048344, 0.00036355, -0.00158742, -0.00160989, -0.00089579, -0.00047212, -0.00050337, -0.00026924, 0.00207281, 0.00068346, -0.00028720, 0.00129923, 0.00036006, -0.00104328, -0.00052698, -0.00052968, 0.00166733, 0.00030357, 0.00041919, -0.00123635, -0.00045693, 0.00053815, 0.00005079, 0.00077759, 0.00054547, 0.00027413, 0.00026072, 0.00016538, -0.00048640
-0.00119508, 0.00019788, -0.00073617, -0.00012641, -0.00012097, -0.00008000, -0.00007996, 0.00087217, 0.00109973, -0.00008072, -0.00008556, 0.00093994, -0.00120381, -0.00122496, -0.00052682, -0.00007494, -0.00010296, 0.00016470, 0.00068346, 0.00148365, 0.00002783, 0.00035186, 0.00093322, -0.00075457, -0.00012399, -0.00012641, 0.00047724, 0.00085665, 0.00101200, -0.00087357, -0.00006153, 0.00112376, 0.00029641, 0.00128736, 0.00117672, 0.00074779, 0.00020283, 0.00066420, -0.00012879
-0.00045745, 0.00020656, -0.00018252, 0.00035860, 0.00035192, 0.00036776, 0.00036760, 0.00010419, 0.00006521, 0.00037106, 0.00039333, 0.00011354, -0.00045036, -0.00046888, 0.00019684, 0.00040320, 0.00037882, 0.00032341, -0.00028720, 0.00002783, 0.00096408, -0.00027536, 0.00011148, -0.00018708, 0.00036072, 0.00035860, -0.00033538, 0.00013027, 0.00009546, -0.00016179, 0.00041459, 0.00007937, 0.00048328, 0.00000392, 0.00006977, 0.00020932, 0.00021173, 0.00018944, 0.00057944
-0.00157530, 0.00058934, -0.00101587, -0.00057648, -0.00055977, -0.00049531, -0.00049510, 0.00011930, 0.00024316, -0.00049977, -0.00052976, 0.00012985, -0.00159268, -0.00161468, -0.00092053, -0.00051840, -0.00054992, -0.00035987, 0.00129923, 0.00035186, -0.00027536, 0.00237270, 0.00012765, -0.00104126, -0.00057376, -0.00057648, 0.00181877, 0.00008931, 0.00016883, -0.00124890, -0.00050304, 0.00026137, 0.00010911, 0.00041005, 0.00026018, 0.00011866, 0.00060408, -0.00000012, -0.00050406
-0.00107504, 0.00016837, -0.00064775, 0.00002250, 0.00002422, 0.00005738, 0.00005735, 0.00145780, 0.00095661, 0.00005789, 0.00006137, 0.00136892, -0.00108118, -0.00110191, -0.00040805, 0.00007172, 0.00004490, 0.00034615, 0.00036006, 0.00093322, 0.00011148, 0.00012765, 0.00155985, -0.00066394, 0.00002482, 0.00002250, 0.00019851, 0.00135855, 0.00136295, -0.00075754, 0.00008448, 0.00095847, 0.00032931, 0.00087625, 0.00102358, 0.00078711, 0.00017258, 0.00091194, -0.00001333
0.00118212, -0.00039510, 0.00359789, -0.00032570, -0.00031529, -0.00026449, -0.00026437, -0.00062050, -0.00066610, -0.00026687, -0.00028288, -0.00066636, 0.00122647, 0.00121168, 0.00073510, -0.00027210, -0.00030123, -0.00037170, -0.00104328, -0.00075457, -0.00018708, -0.00104126, -0.00066394, 0.00368784, -0.00032318, -0.00032570, -0.00110456, -0.00064253, -0.00068225, 0.00145554, -0.00025803, -0.00070621, -0.00040917, -0.00077466, -0.00071273, -0.00059442, -0.00040498, -0.00057582, -0.00004143
-0.00055687, -0.00014611, -0.00031529, 0.00178159, 0.00193898, 0.00087868, 0.00087830, 0.00002320, -0.00006565, 0.00088659, 0.00093978, 0.00002638, -0.00055161, -0.00057079, 0.00013695, 0.00105289, 0.00146698, 0.00068120, -0.00052698, -0.00012399, 0.00036072, -0.00057376, 0.00002482, -0.00032318, 0.00198745, 0.00178159, -0.00060915, 0.00006128, -0.00000883, -0.00025262, 0.00095791, -0.00006695, 0.00009248, -0.00015524, -0.00007025, 0.00005252, -0.00014976, 0.00016677, 0.00054217
-0.00055949, -0.00014850, -0.00031775, 0.00210052, 0.00173814, 0.00087705, 0.00087667, 0.00002103, -0.00006788, 0.00088494, 0.00093804, 0.00002405, -0.00055428, -0.00057347, 0.00013469, 0.00109002, 0.00136290, 0.00067930, -0.00052968, -0.00012641, 0.00035860, -0.00057648, 0.00002250, -0.00032570, 0.00178159, 0.00210052, -0.00061191, 0.00005898, -0.00001118, -0.00025511, 0.00095618, -0.00006933, 0.00009019, -0.00015769, -0.00007264, 0.00005021, -0.00015221, 0.00016454, 0.00054017
-0.00164536, 0.00037982, -0.00107762, -0.00061191, -0.00059429, -0.00052774, -0.00052751, 0.00018553, 0.00033670, -0.00053249, -0.00056444, 0.00020111, -0.00166389, -0.00168650, -0.00097147, -0.00055295, -0.00058494, -0.00036927, 0.00166733, 0.00047724, -0.00033538, 0.00181877, 0.00019851, -0.00110456, -0.00060915, -0.00061191, 0.00223682, 0.00015028, 0.00024954, -0.00131053, -0.00053734, 0.00035717, 0.00003149, 0.00055471, 0.00036027, 0.00015017, 0.00038932, 0.00003450, -0.00055262
-0.00104679, 0.00016339, -0.00062686, 0.00005898, 0.00005979, 0.00009104, 0.00009100, 0.00126968, 0.00087872, 0.00009186, 0.00009737, 0.00136768, -0.00105232, -0.00107296, -0.00038002, 0.00010767, 0.00008113, 0.00039174, 0.00030357, 0.00085665, 0.00013027, 0.00008931, 0.00135855, -0.00064253, 0.00006128, 0.00005898, 0.00015028, 0.00149994, 0.00121910, -0.00073021, 0.00012027, 0.00089046, 0.00033439, 0.00080414, 0.00094023, 0.00078683, 0.00016747, 0.00097615, 0.00001407
-0.00109994, 0.00017609, -0.00066560, -0.00001118, -0.00000861, 0.00002630, 0.00002629, 0.00127379, 0.00103651, 0.00002654, 0.00002813, 0.00137210, -0.00110662, -0.00112743, -0.00043303, 0.00003854, 0.00001145, 0.00030316, 0.00041919, 0.00101200, 0.00009546, 0.00016883, 0.00136295, -0.00068225, -0.00000883, -0.00001118, 0.00024954, 0.00121910, 0.00150872, -0.00078166, 0.00005145, 0.00102866, 0.00032689, 0.00095062, 0.00110907, 0.00078971, 0.00018049, 0.00084995, -0.00003790
0.00174600, -0.00063752, 0.00142004, -0.00025511, -0.00024646, -0.00019909, -0.00019900, -0.00070798, -0.00076945, -0.00020088, -0.00021293, -0.00076047, 0.00180126, 0.00178965, 0.00101535, -0.00020220, -0.00023097, -0.00035230, -0.00123635, -0.00087357, -0.00016179, -0.00124890, -0.00075754, 0.00145554, -0.00025262, -0.00025511, -0.00131053, -0.00073021, -0.00078166, 0.00198015, -0.00018834, -0.00081645, -0.00050044, -0.00089984, -0.00082332, -0.00068598, -0.00065346, -0.00064738, 0.00006102
-0.00048889, -0.00008448, -0.00025174, 0.00095618, 0.00093454, 0.00091932, 0.00091893, 0.00007895, -0.00000824, 0.00092760, 0.00098325, 0.00008638, -0.00048225, -0.00050111, 0.00019483, 0.00099217, 0.00097235, 0.00072903, -0.00045693, -0.00006153, 0.00041459, -0.00050304, 0.00008448, -0.00025803, 0.00095791, 0.00095618, -0.00053734, 0.00012027, 0.00005145, -0.00018834, 0.00100103, -0.00000555, 0.00015120, -0.00009224, -0.00000882, 0.00011179, -0.00008659, 0.00022385, 0.00059280
-0.00113573, 0.00020999, -0.00068898, -0.00006933, -0.00006531, -0.00002733, -0.00002732, 0.00089576, 0.00109886, -0.00002758, -0.00002923, 0.00096532, -0.00114319, -0.00116412, -0.00047012, -0.00001872, -0.00004628, 0.00022116, 0.00053815, 0.00112376, 0.00007937, 0.00026137, 0.00095847, -0.00070621, -0.00006695, -0.00006933, 0.00035717, 0.00089046, 0.00102866, -0.00081645, -0.00000555, 0.00123636, 0.00034317, 0.00109179, 0.00117578, 0.00082347, 0.00021524, 0.00072026, -0.00007444
-0.00080264, 0.00060615, -0.00039919, 0.00009019, 0.00009023, 0.00012003, 0.00011997, 0.00030776, 0.00030720, 0.00012111, 0.00012837, 0.00033262, -0.00080329, -0.00082271, -0.00017258, 0.00013867, 0.00011224, 0.00020058, 0.00005079, 0.00029641, 0.00048328, 0.00010911, 0.00032931, -0.00040917, 0.00009248, 0.00009019, 0.00003149, 0.00033439, 0.00032689, -0.00050044, 0.00015120, 0.00034317, 0.00093224, 0.00027795, 0.00032870, 0.00048045, 0.00062131, 0.00035743, 0.00020967
-0.00122218, 0.00019832, -0.00075576, -0.00015769, -0.00015146, -0.00010888, -0.00010883, 0.00081893, 0.00103403, -0.00010986, -0.00011645, 0.00088264, -0.00123149, -0.00125274, -0.00055405, -0.00010579, -0.00013403, 0.00013046, 0.00077759, 0.00128736, 0.00000392, 0.00041005, 0.00087625, -0.00077466, -0.00015524, -0.00015769, 0.00055471, 0.00080414, 0.00095062, -0.00089984, -0.00009224, 0.00109179, 0.00027795, 0.00141103, 0.00110641, 0.00071556, 0.00020328, 0.00062346, -0.00015606
-0.00114290, 0.00019896, -0.00069534, -0.00007264, -0.00006853, -0.00003040, -0.00003039, 0.00095661, 0.00120295, -0.00003067, -0.00003251, 0.00103080, -0.00115051, -0.00117147, -0.00047667, -0.00002199, -0.00004957, 0.00022227, 0.00054547, 0.00117672, 0.00006977, 0.00026018, 0.00102358, -0.00071273, -0.00007025, -0.00007264, 0.00036027, 0.00094023, 0.00110907, -0.00082332, -0.00000882, 0.00117578, 0.00032870, 0.00110641, 0.00128716, 0.00080049, 0.00020393, 0.00072979, -0.00008092
-0.00099964, 0.00027729, -0.00057992, 0.00005021, 0.00005124, 0.00008302, 0.00008298, 0.00073561, 0.00074812, 0.00008376, 0.00008879, 0.00079299, -0.00100424, -0.00102463, -0.00034151, 0.00009912, 0.00007246, 0.00032400, 0.00027413, 0.00074779, 0.00020932, 0.00011866, 0.00078711, -0.00059442, 0.00005252, 0.00005021, 0.00015017, 0.00078683, 0.00078971, -0.00068598, 0.00011179, 0.00082347, 0.00048045, 0.00071556, 0.00080049, 0.00103246, 0.00028422, 0.00079439, 0.00005016
-0.00095262, 0.00141671, -0.00039510, -0.00015221, -0.00014611, -0.00010366, -0.00010361, 0.00016129, 0.00019059, -0.00010459, -0.00011087, 0.00017503, -0.00095699, -0.00097644, -0.00038920, -0.00010017, -0.00012849, -0.00002542, 0.00026072, 0.00020283, 0.00021173, 0.00060408, 0.00017258, -0.00040498, -0.00014976, -0.00015221, 0.00038932, 0.00016747, 0.00018049, -0.00065346, -0.00008659, 0.00021524, 0.00062131, 0.00020328, 0.00020393, 0.00028422, 0.00145212, 0.00016456, -0.00003423
-0.00096116, 0.00016055, -0.00056177, 0.00016454, 0.00016270, 0.00018846, 0.00018838, 0.00085228, 0.00068204, 0.00019016, 0.00020157, 0.00091853, -0.00096484, -0.00098519, -0.00029594, 0.00021169, 0.00018596, 0.00052031, 0.00016538, 0.00066420, 0.00018944, -0.00000012, 0.00091194, -0.00057582, 0.00016677, 0.00016454, 0.00003450, 0.00097615, 0.00084995, -0.00064738, 0.00022385, 0.00072026, 0.00035743, 0.00062346, 0.00072979, 0.00079439, 0.00016456, 0.00115213, 0.00009589
-0.00023006, -0.00003339, -0.00004042, 0.00054017, 0.00052895, 0.00053536, 0.00053513, -0.00001246, -0.00007562, 0.00054018, 0.00057259, -0.00001199, -0.00021790, -0.00023582, 0.00044004, 0.00058218, 0.00055917, 0.00041328, -0.00048640, -0.00012879, 0.00057944, -0.00050406, -0.00001333, -0.00004143, 0.00054217, 0.00054017, -0.00055262, 0.00001407, -0.00003790, 0.00006102, 0.00059280, -0.00007444, 0.00020967, -0.00015606, -0.00008092, 0.00005016, -0.00003423, 0.00009589, 0.00082450
